Phase,PhaseIdent,X(m),Y(m),MaterialID,ElementID,Ux(m),Uy(m),Utot(m),PUx(m),PUy(m),PUt(m),U1(m),U2(m),M2D(kNm/m),Q2D(kN/m),Nx2D(kN/m),Nz2D(kN/m)
Phase_19,Ramped Internal Load [Phase_19],-13.135000,105.100000,6,3,-0.040763,-0.037515,0.055398,-0.002474,-0.016132,0.016321,0.040763,0.037515,630.545913,-75.174552,-270.426746,-54.085349
Phase_19,Ramped Internal Load [Phase_19],-13.402000,105.100000,6,3,-0.040777,-0.036970,0.055041,-0.002468,-0.016658,0.016840,0.040777,0.036970,608.975110,-86.558416,-270.723409,-54.144682
Phase_19,Ramped Internal Load [Phase_19],-13.669000,105.100000,6,3,-0.040791,-0.036071,0.054452,-0.002462,-0.017036,0.017213,0.040791,0.036071,584.280693,-98.371270,-271.240748,-54.248150
Phase_19,Ramped Internal Load [Phase_19],-13.936000,105.100000,6,3,-0.040806,-0.034850,0.053662,-0.002456,-0.017277,0.017451,0.040806,0.034850,556.416421,-110.367256,-271.937837,-54.387567
Phase_19,Ramped Internal Load [Phase_19],-14.203000,105.100000,6,3,-0.040820,-0.033343,0.052707,-0.002451,-0.017396,0.017567,0.040820,0.033343,525.355024,-122.300515,-272.773751,-54.554750
Phase_19,Ramped Internal Load [Phase_19],-14.203000,105.100000,6,4,-0.040820,-0.033343,0.052707,-0.002451,-0.017396,0.017567,0.040820,0.033343,525.355024,-122.329116,-272.746064,-54.549213
Phase_19,Ramped Internal Load [Phase_19],-14.470000,105.100000,6,4,-0.040834,-0.031585,0.051624,-0.002445,-0.017403,0.017573,0.040834,0.031585,491.109351,-134.254998,-273.591893,-54.718379
Phase_19,Ramped Internal Load [Phase_19],-14.737000,105.100000,6,4,-0.040848,-0.029613,0.050453,-0.002439,-0.017310,0.017481,0.040848,0.029613,453.661970,-146.177993,-274.474044,-54.894809
Phase_19,Ramped Internal Load [Phase_19],-15.004000,105.100000,6,4,-0.040863,-0.027463,0.049234,-0.002433,-0.017131,0.017303,0.040863,0.027463,413.032719,-158.095860,-275.391571,-55.078314
Phase_19,Ramped Internal Load [Phase_19],-15.271000,105.100000,6,4,-0.040877,-0.025173,0.048006,-0.002427,-0.016877,0.017051,0.040877,0.025173,369.240578,-170.006364,-276.343531,-55.268706
Phase_19,Ramped Internal Load [Phase_19],-15.271000,105.100000,6,5,-0.040877,-0.025173,0.048006,-0.002427,-0.016877,0.017051,0.040877,0.025173,369.240578,-170.012190,-276.341246,-55.268249
Phase_19,Ramped Internal Load [Phase_19],-15.538000,105.100000,6,5,-0.040891,-0.022780,0.046808,-0.002421,-0.016561,0.016737,0.040891,0.022780,322.268316,-181.927898,-277.327890,-55.465578
Phase_19,Ramped Internal Load [Phase_19],-15.805000,105.100000,6,5,-0.040905,-0.020324,0.045676,-0.002415,-0.016194,0.016373,0.040905,0.020324,272.088415,-193.860294,-278.337949,-55.667590
Phase_19,Ramped Internal Load [Phase_19],-16.072000,105.100000,6,5,-0.040920,-0.017845,0.044641,-0.002409,-0.015789,0.015972,0.040920,0.017845,218.721929,-205.804667,-279.367823,-55.873565
Phase_19,Ramped Internal Load [Phase_19],-16.339000,105.100000,6,5,-0.040934,-0.015383,0.043729,-0.002403,-0.015359,0.015545,0.040934,0.015383,162.189256,-217.756312,-280.413911,-56.082782
Phase_19,Ramped Internal Load [Phase_19],-16.339000,105.100000,6,6,-0.040934,-0.015383,0.043729,-0.002403,-0.015359,0.015545,0.040934,0.015383,162.189256,-217.763816,-280.401272,-56.080254
Phase_19,Ramped Internal Load [Phase_19],-16.606000,105.100000,6,6,-0.040948,-0.012978,0.042955,-0.002396,-0.014914,0.015106,0.040948,0.012978,102.462542,-229.739752,-281.450738,-56.290148
Phase_19,Ramped Internal Load [Phase_19],-16.873000,105.100000,6,6,-0.040962,-0.010672,0.042330,-0.002390,-0.014469,0.014665,0.040962,0.010672,39.502909,-241.765158,-282.457528,-56.491506
Phase_19,Ramped Internal Load [Phase_19],-17.140000,105.100000,6,6,-0.040976,-0.008509,0.041850,-0.002384,-0.014034,0.014235,0.040976,0.008509,-26.675456,-253.853152,-283.411702,-56.682340
Phase_19,Ramped Internal Load [Phase_19],-17.407000,105.100000,6,6,-0.040990,-0.006530,0.041507,-0.002378,-0.013622,0.013828,0.040990,0.006530,-96.060489,-266.016851,-284.303319,-56.860664
Phase_19,Ramped Internal Load [Phase_19],-17.407000,105.100000,6,7,-0.040990,-0.006530,0.041507,-0.002378,-0.013622,0.013828,0.040990,0.006530,-96.060489,-266.059857,-284.337431,-56.867486
Phase_19,Ramped Internal Load [Phase_19],-17.674000,105.100000,6,7,-0.041004,-0.004781,0.041282,-0.002372,-0.013245,0.013456,0.041004,0.004781,-168.702392,-278.372946,-285.071668,-57.014334
Phase_19,Ramped Internal Load [Phase_19],-17.941000,105.100000,6,7,-0.041019,-0.003304,0.041151,-0.002366,-0.012916,0.013131,0.041019,0.003304,-244.735440,-290.787834,-285.855148,-57.171030
Phase_19,Ramped Internal Load [Phase_19],-18.208000,105.100000,6,7,-0.041033,-0.002146,0.041089,-0.002360,-0.012647,0.012865,0.041033,0.002146,-323.948797,-302.413694,-286.688949,-57.337790
Phase_19,Ramped Internal Load [Phase_19],-18.475000,105.100000,6,7,-0.041047,-0.001353,0.041069,-0.002353,-0.012450,0.012670,0.041047,0.001353,-406.060182,-312.359700,-287.574153,-57.514831
Phase_19,Ramped Internal Load [Phase_19],-10.000000,105.100000,6,8,-0.040659,-0.031886,0.051671,-0.002501,-0.001676,0.003011,0.040659,0.031886,-1294.653640,888.224426,-28.134463,-5.626893
Phase_19,Ramped Internal Load [Phase_19],-10.099605,105.100000,6,8,-0.040662,-0.032192,0.051863,-0.002501,-0.001987,0.003194,0.040662,0.032192,-1206.439007,883.410842,-28.201159,-5.640232
Phase_19,Ramped Internal Load [Phase_19],-10.199210,105.100000,6,8,-0.040666,-0.032501,0.052057,-0.002500,-0.002331,0.003418,0.040666,0.032501,-1118.678416,878.363060,-28.347584,-5.669517
Phase_19,Ramped Internal Load [Phase_19],-10.298815,105.100000,6,8,-0.040669,-0.032811,0.052254,-0.002499,-0.002704,0.003682,0.040669,0.032811,-1031.422913,873.230778,-28.546913,-5.709383
Phase_19,Ramped Internal Load [Phase_19],-10.398419,105.100000,6,8,-0.040672,-0.033122,0.052452,-0.002498,-0.003106,0.003986,0.040672,0.033122,-944.719164,868.163693,-28.772318,-5.754464
Phase_19,Ramped Internal Load [Phase_19],-10.398419,105.100000,6,9,-0.040672,-0.033122,0.052452,-0.002498,-0.003106,0.003986,0.040672,0.033122,-944.719164,868.146700,-28.729823,-5.745965
Phase_19,Ramped Internal Load [Phase_19],-10.520778,105.100000,6,9,-0.040676,-0.033502,0.052696,-0.002497,-0.003633,0.004409,0.040676,0.033502,-838.879912,862.255490,-28.775372,-5.755074
Phase_19,Ramped Internal Load [Phase_19],-10.643137,105.100000,6,9,-0.040680,-0.033879,0.052940,-0.002496,-0.004195,0.004882,0.040680,0.033879,-733.708893,856.387451,-28.608679,-5.721736
Phase_19,Ramped Internal Load [Phase_19],-10.765496,105.100000,6,9,-0.040684,-0.034250,0.053181,-0.002495,-0.004787,0.005398,0.040684,0.034250,-629.261559,850.446439,-28.246125,-5.649225
Phase_19,Ramped Internal Load [Phase_19],-10.887854,105.100000,6,9,-0.040688,-0.034613,0.053419,-0.002493,-0.005404,0.005952,0.040688,0.034613,-525.597185,844.336311,-27.704088,-5.540818
Phase_19,Ramped Internal Load [Phase_19],-10.887854,105.100000,6,10,-0.040688,-0.034613,0.053419,-0.002493,-0.005404,0.005952,0.040688,0.034613,-525.597185,844.363891,-27.726688,-5.545338
Phase_19,Ramped Internal Load [Phase_19],-11.038165,105.100000,6,10,-0.040693,-0.035045,0.053704,-0.002492,-0.006192,0.006674,0.040693,0.035045,-399.276865,836.826407,-26.931378,-5.386276
Phase_19,Ramped Internal Load [Phase_19],-11.188475,105.100000,6,10,-0.040698,-0.035459,0.053978,-0.002491,-0.007003,0.007433,0.040698,0.035459,-274.025486,829.386134,-25.992016,-5.198403
Phase_19,Ramped Internal Load [Phase_19],-11.338785,105.100000,6,10,-0.040703,-0.035850,0.054239,-0.002489,-0.007830,0.008217,0.040703,0.035850,-149.882137,822.072424,-24.914233,-4.982847
Phase_19,Ramped Internal Load [Phase_19],-11.489096,105.100000,6,10,-0.040708,-0.036214,0.054485,-0.002488,-0.008666,0.009016,0.040708,0.036214,-26.884925,814.914629,-23.703662,-4.740732
Phase_19,Ramped Internal Load [Phase_19],-11.489096,105.100000,6,11,-0.040708,-0.036214,0.054485,-0.002488,-0.008666,0.009016,0.040708,0.036214,-26.884925,814.905586,-23.738055,-4.747611
Phase_19,Ramped Internal Load [Phase_19],-11.673743,105.100000,6,11,-0.040714,-0.036621,0.054760,-0.002486,-0.009693,0.010007,0.040714,0.036621,122.754874,806.313470,-22.110556,-4.422111
Phase_19,Ramped Internal Load [Phase_19],-11.858391,105.100000,6,11,-0.040720,-0.036976,0.055003,-0.002485,-0.010706,0.010990,0.040720,0.036976,270.893571,797.909365,-20.463680,-4.092736
Phase_19,Ramped Internal Load [Phase_19],-12.043038,105.100000,6,11,-0.040726,-0.037272,0.055207,-0.002483,-0.011690,0.011950,0.040726,0.037272,417.498732,789.697752,-18.818957,-3.763791
Phase_19,Ramped Internal Load [Phase_19],-12.227686,105.100000,6,11,-0.040732,-0.037505,0.055369,-0.002482,-0.012630,0.012872,0.040732,0.037505,562.537679,781.683111,-17.197921,-3.439584
Phase_19,Ramped Internal Load [Phase_19],-12.227686,105.100000,6,12,-0.040732,-0.037505,0.055369,-0.002482,-0.012630,0.012872,0.040732,0.037505,562.537679,781.686528,-17.270044,-3.454009
Phase_19,Ramped Internal Load [Phase_19],-12.454514,105.100000,6,12,-0.040740,-0.037693,0.055502,-0.002480,-0.013705,0.013928,0.040740,0.037693,738.713548,772.118689,-15.480738,-3.096148
Phase_19,Ramped Internal Load [Phase_19],-12.681343,105.100000,6,12,-0.040747,-0.037765,0.055557,-0.002478,-0.014665,0.014873,0.040747,0.037765,912.841896,762.914793,-14.131327,-2.826265
Phase_19,Ramped Internal Load [Phase_19],-12.908171,105.100000,6,12,-0.040755,-0.037709,0.055524,-0.002476,-0.015483,0.015680,0.040755,0.037709,1084.920857,754.050052,-13.251370,-2.650274
Phase_19,Ramped Internal Load [Phase_19],-13.135000,105.100000,6,12,-0.040763,-0.037515,0.055398,-0.002474,-0.016132,0.016321,0.040763,0.037515,1254.946183,745.499679,-12.870427,-2.574085
Phase_19,Ramped Internal Load [Phase_19],-10.000000,105.000000,5,13,-0.040365,-0.031883,0.051438,-0.002248,-0.001672,0.002801,-0.031883,0.040365,-1234.095725,-605.438358,-889.633899,-177.926780
Phase_19,Ramped Internal Load [Phase_19],-10.000000,105.025000,5,13,-0.040438,-0.031884,0.051496,-0.002308,-0.001673,0.002851,-0.031884,0.040438,-1249.229507,-605.539630,-889.275756,-177.855151
Phase_19,Ramped Internal Load [Phase_19],-10.000000,105.050000,5,13,-0.040512,-0.031885,0.051554,-0.002371,-0.001674,0.002902,-0.031885,0.040512,-1264.372434,-605.606791,-888.932229,-177.786446
Phase_19,Ramped Internal Load [Phase_19],-10.000000,105.075000,5,13,-0.040585,-0.031885,0.051612,-0.002435,-0.001675,0.002956,-0.031885,0.040585,-1279.516499,-605.632472,-888.606745,-177.721349
Phase_19,Ramped Internal Load [Phase_19],-10.000000,105.100000,5,13,-0.040659,-0.031886,0.051671,-0.002501,-0.001676,0.003011,-0.031886,0.040659,-1294.653640,-605.609306,-888.302731,-177.660546
Phase_19,Ramped Internal Load [Phase_19],-18.475000,105.100000,3,18,-0.041047,-0.001353,0.041069,-0.002353,-0.012450,0.012670,0.001353,-0.041047,-406.060182,187.964773,-292.418558,-58.483712
Phase_19,Ramped Internal Load [Phase_19],-18.475000,104.870275,3,18,-0.041102,-0.001347,0.041124,-0.002421,-0.012447,0.012680,0.001347,-0.041102,-362.902831,187.864485,-294.856727,-58.971345
Phase_19,Ramped Internal Load [Phase_19],-18.475000,104.640550,3,18,-0.041062,-0.001342,0.041084,-0.002397,-0.012444,0.012673,0.001342,-0.041062,-319.741414,187.818934,-297.297834,-59.459567
Phase_19,Ramped Internal Load [Phase_19],-18.475000,104.410825,3,18,-0.040938,-0.001337,0.040960,-0.002294,-0.012441,0.012651,0.001337,-0.040938,-276.586538,187.811484,-299.740221,-59.948044
Phase_19,Ramped Internal Load [Phase_19],-18.475000,104.181100,3,18,-0.040740,-0.001331,0.040762,-0.002123,-0.012438,0.012618,0.001331,-0.040740,-233.449977,187.825498,-302.182227,-60.436445
Phase_19,Ramped Internal Load [Phase_19],-18.475000,104.181100,3,19,-0.040740,-0.001331,0.040762,-0.002123,-0.012438,0.012618,0.001331,-0.040740,-233.449977,187.817456,-302.183438,-60.436688
Phase_19,Ramped Internal Load [Phase_19],-18.475000,103.976856,3,19,-0.040513,-0.001326,0.040534,-0.001922,-0.012435,0.012583,0.001326,-0.040513,-195.098286,187.817598,-304.355863,-60.871173
Phase_19,Ramped Internal Load [Phase_19],-18.475000,103.772612,3,19,-0.040244,-0.001321,0.040266,-0.001683,-0.012432,0.012546,0.001321,-0.040244,-156.728832,187.817767,-306.531226,-61.306245
Phase_19,Ramped Internal Load [Phase_19],-18.475000,103.568368,3,19,-0.039943,-0.001315,0.039965,-0.001416,-0.012430,0.012510,0.001315,-0.039943,-118.359341,187.817962,-308.708015,-61.741603
Phase_19,Ramped Internal Load [Phase_19],-18.475000,103.364125,3,19,-0.039618,-0.001310,0.039639,-0.001126,-0.012427,0.012478,0.001310,-0.039618,-80.007538,187.818184,-310.884718,-62.176944
Phase_19,Ramped Internal Load [Phase_19],-18.475000,103.364125,3,20,-0.039618,-0.001310,0.039639,-0.001126,-0.012427,0.012478,0.001310,-0.039618,-80.007538,187.818184,-310.885381,-62.177076
Phase_19,Ramped Internal Load [Phase_19],-18.475000,103.182536,3,20,-0.039314,-0.001305,0.039336,-0.000857,-0.012425,0.012454,0.001305,-0.039314,-45.909711,187.818402,-312.822684,-62.564537
Phase_19,Ramped Internal Load [Phase_19],-18.475000,103.000947,3,20,-0.039003,-0.001300,0.039024,-0.000582,-0.012422,0.012436,0.001300,-0.039003,-11.796079,187.818640,-314.761467,-62.952293
Phase_19,Ramped Internal Load [Phase_19],-18.475000,102.819358,3,20,-0.038690,-0.001295,0.038711,-0.000308,-0.012420,0.012424,0.001295,-0.038690,22.317599,187.818898,-316.700343,-63.340069
Phase_19,Ramped Internal Load [Phase_19],-18.475000,102.637769,3,20,-0.038380,-0.001290,0.038402,-0.000040,-0.012417,0.012417,0.001290,-0.038380,56.415560,187.819176,-318.637925,-63.727585
Phase_19,Ramped Internal Load [Phase_19],-18.475000,102.637769,3,21,-0.038380,-0.001290,0.038402,-0.000040,-0.012417,0.012417,0.001290,-0.038380,56.415560,187.819176,-318.638791,-63.727758
Phase_19,Ramped Internal Load [Phase_19],-18.475000,102.476322,3,21,-0.038113,-0.001285,0.038134,0.000189,-0.012415,0.012417,0.001285,-0.038113,86.731389,187.819439,-320.361418,-64.072284
Phase_19,Ramped Internal Load [Phase_19],-18.475000,102.314876,3,21,-0.037856,-0.001280,0.037878,0.000404,-0.012413,0.012420,0.001280,-0.037856,117.061278,187.819717,-322.085262,-64.417052
Phase_19,Ramped Internal Load [Phase_19],-18.475000,102.153429,3,21,-0.037616,-0.001276,0.037637,0.000603,-0.012411,0.012426,0.001276,-0.037616,147.391212,187.820009,-323.809105,-64.761821
Phase_19,Ramped Internal Load [Phase_19],-18.475000,101.991982,3,21,-0.037394,-0.001271,0.037415,0.000779,-0.012409,0.012433,0.001271,-0.037394,177.707180,187.820316,-325.531732,-65.106346
Phase_19,Ramped Internal Load [Phase_19],-18.475000,101.991982,3,22,-0.037394,-0.001271,0.037415,0.000779,-0.012409,0.012433,0.001271,-0.037394,177.707180,187.820316,-325.532523,-65.106505
Phase_19,Ramped Internal Load [Phase_19],-18.475000,101.848443,3,22,-0.037216,-0.001266,0.037238,0.000916,-0.012407,0.012441,0.001266,-0.037216,204.660515,187.820601,-327.064075,-65.412815
Phase_19,Ramped Internal Load [Phase_19],-18.475000,101.704904,3,22,-0.037060,-0.001262,0.037081,0.001029,-0.012405,0.012448,0.001262,-0.037060,231.626354,187.820898,-328.596708,-65.719342
Phase_19,Ramped Internal Load [Phase_19],-18.475000,101.561365,3,22,-0.036927,-0.001257,0.036948,0.001116,-0.012403,0.012453,0.001257,-0.036927,258.592236,187.821205,-330.129341,-66.025868
Phase_19,Ramped Internal Load [Phase_19],-18.475000,101.417826,3,22,-0.036821,-0.001253,0.036842,0.001175,-0.012401,0.012457,0.001253,-0.036821,285.545701,187.821523,-331.660893,-66.332179
Phase_19,Ramped Internal Load [Phase_19],-18.475000,101.417826,3,23,-0.036821,-0.001253,0.036842,0.001175,-0.012401,0.012457,0.001253,-0.036821,285.545701,187.821523,-331.661596,-66.332319
Phase_19,Ramped Internal Load [Phase_19],-18.475000,101.290208,3,23,-0.036751,-0.001249,0.036772,0.001201,-0.012400,0.012458,0.001249,-0.036751,309.509503,187.821815,-333.023267,-66.604653
Phase_19,Ramped Internal Load [Phase_19],-18.475000,101.162591,3,23,-0.036707,-0.001245,0.036728,0.001200,-0.012398,0.012456,0.001245,-0.036707,333.484422,187.822116,-334.385898,-66.877180
Phase_19,Ramped Internal Load [Phase_19],-18.475000,101.034973,3,23,-0.036690,-0.001241,0.036710,0.001169,-0.012396,0.012451,0.001241,-0.036690,357.459380,187.822425,-335.748530,-67.149706
Phase_19,Ramped Internal Load [Phase_19],-18.475000,100.907356,3,23,-0.036701,-0.001236,0.036722,0.001108,-0.012394,0.012444,0.001236,-0.036701,381.423299,187.822741,-337.110200,-67.422040
Phase_19,Ramped Internal Load [Phase_19],-18.475000,100.907356,3,24,-0.036701,-0.001236,0.036722,0.001108,-0.012394,0.012444,0.001236,-0.036701,381.423299,187.799477,-337.110826,-67.422165
Phase_19,Ramped Internal Load [Phase_19],-18.475000,100.793893,3,24,-0.036738,-0.001232,0.036759,0.001025,-0.012393,0.012435,0.001232,-0.036738,402.729564,187.835837,-338.321458,-67.664292
Phase_19,Ramped Internal Load [Phase_19],-18.475000,100.680431,3,24,-0.036800,-0.001229,0.036821,0.000915,-0.012391,0.012425,0.001229,-0.036800,424.045443,187.818835,-339.532945,-67.906589
Phase_19,Ramped Internal Load [Phase_19],-18.475000,100.566969,3,24,-0.036890,-0.001225,0.036911,0.000776,-0.012390,0.012414,0.001225,-0.036890,445.359982,187.799954,-340.744432,-68.148886
Phase_19,Ramped Internal Load [Phase_19],-18.475000,100.453507,3,24,-0.037009,-0.001221,0.037029,0.000606,-0.012388,0.012403,0.001221,-0.037009,466.664007,187.830679,-341.955065,-68.391013
Phase_19,Ramped Internal Load [Phase_19],-18.475000,100.453507,3,25,-0.037009,-0.001221,0.037029,0.000606,-0.012388,0.012403,0.001221,-0.037009,466.664007,187.810722,-341.955621,-68.391124
Phase_19,Ramped Internal Load [Phase_19],-18.475000,100.352630,3,25,-0.037139,-0.001217,0.037159,0.000428,-0.012387,0.012395,0.001217,-0.037139,485.605384,187.811001,-343.031969,-68.606394
Phase_19,Ramped Internal Load [Phase_19],-18.475000,100.251754,3,25,-0.037294,-0.001213,0.037314,0.000224,-0.012386,0.012388,0.001213,-0.037294,504.555546,187.811284,-344.109077,-68.821815
Phase_19,Ramped Internal Load [Phase_19],-18.475000,100.150877,3,25,-0.037475,-0.001209,0.037494,-0.000008,-0.012384,0.012384,0.001209,-0.037475,523.505737,187.811572,-345.186184,-69.037237
Phase_19,Ramped Internal Load [Phase_19],-18.475000,100.050000,3,25,-0.037681,-0.001126,0.037697,-0.000269,-0.012383,0.012386,0.001126,-0.037681,542.447200,187.811864,-346.262532,-69.252506
Phase_19,Ramped Internal Load [Phase_19],-13.135000,100.050000,4,26,-0.027681,-0.037820,0.046867,-0.000216,-0.016498,0.016499,-0.037820,0.027681,676.568876,-257.617653,766.544946,153.308989
Phase_19,Ramped Internal Load [Phase_19],-13.135000,100.246997,4,26,-0.027724,-0.037808,0.046884,-0.000768,-0.016484,0.016502,-0.037808,0.027724,625.830704,-257.617653,768.661659,153.732332
Phase_19,Ramped Internal Load [Phase_19],-13.135000,100.443994,4,26,-0.027896,-0.037797,0.046977,-0.001219,-0.016469,0.016514,-0.037797,0.027896,575.069075,-257.617653,770.779866,154.155973
Phase_19,Ramped Internal Load [Phase_19],-13.135000,100.640991,4,26,-0.028187,-0.037785,0.047140,-0.001578,-0.016455,0.016531,-0.037785,0.028187,524.307445,-257.617653,772.898073,154.579615
Phase_19,Ramped Internal Load [Phase_19],-13.135000,100.837988,4,26,-0.028584,-0.037774,0.047370,-0.001852,-0.016441,0.016545,-0.037774,0.028584,473.569274,-257.617653,775.014787,155.002957
Phase_19,Ramped Internal Load [Phase_19],-13.135000,100.837988,4,27,-0.028584,-0.037774,0.047370,-0.001852,-0.016441,0.016545,-0.037774,0.028584,473.569274,-257.617653,775.015830,155.003166
Phase_19,Ramped Internal Load [Phase_19],-13.135000,101.040167,4,27,-0.029089,-0.037762,0.047667,-0.002054,-0.016426,0.016554,-0.037762,0.029089,421.496316,-257.617653,777.188228,155.437646
Phase_19,Ramped Internal Load [Phase_19],-13.135000,101.242347,4,27,-0.029682,-0.037750,0.048022,-0.002185,-0.016412,0.016556,-0.037750,0.029682,369.399283,-257.617653,779.362159,155.872432
Phase_19,Ramped Internal Load [Phase_19],-13.135000,101.444526,4,27,-0.030349,-0.037738,0.048427,-0.002252,-0.016397,0.016551,-0.037738,0.030349,317.302250,-257.617653,781.536091,156.307218
Phase_19,Ramped Internal Load [Phase_19],-13.135000,101.646706,4,27,-0.031079,-0.037726,0.048879,-0.002264,-0.016382,0.016538,-0.037726,0.031079,265.229292,-257.617653,783.708489,156.741698
Phase_19,Ramped Internal Load [Phase_19],-13.135000,101.646706,4,28,-0.031079,-0.037726,0.048879,-0.002264,-0.016382,0.016538,-0.037726,0.031079,265.229292,-257.617653,783.709560,156.741912
Phase_19,Ramped Internal Load [Phase_19],-13.135000,101.854204,4,28,-0.031878,-0.037713,0.049382,-0.002228,-0.016367,0.016518,-0.037713,0.031878,211.786434,-257.617653,785.939108,157.187822
Phase_19,Ramped Internal Load [Phase_19],-13.135000,102.061702,4,28,-0.032717,-0.037701,0.049917,-0.002154,-0.016352,0.016493,-0.037701,0.032717,158.318867,-257.617653,788.170230,157.634046
Phase_19,Ramped Internal Load [Phase_19],-13.135000,102.269200,4,28,-0.033580,-0.037689,0.050478,-0.002049,-0.016337,0.016465,-0.037689,0.033580,104.851300,-257.617653,790.401352,158.080270
Phase_19,Ramped Internal Load [Phase_19],-13.135000,102.476699,4,28,-0.034454,-0.037676,0.051055,-0.001923,-0.016322,0.016435,-0.037676,0.034454,51.408441,-257.617653,792.630900,158.526180
Phase_19,Ramped Internal Load [Phase_19],-13.135000,102.476699,4,29,-0.034454,-0.037676,0.051055,-0.001923,-0.016322,0.016435,-0.037676,0.034454,51.408441,-257.617653,792.631999,158.526400
Phase_19,Ramped Internal Load [Phase_19],-13.135000,102.689656,4,29,-0.035349,-0.037663,0.051654,-0.001783,-0.016307,0.016404,-0.037663,0.035349,-3.440357,-257.617653,794.920201,158.984040
Phase_19,Ramped Internal Load [Phase_19],-13.135000,102.902613,4,29,-0.036227,-0.037650,0.052249,-0.001641,-0.016291,0.016374,-0.037650,0.036227,-58.314513,-257.617653,797.210018,159.442004
Phase_19,Ramped Internal Load [Phase_19],-13.135000,103.115570,4,29,-0.037073,-0.037637,0.052830,-0.001507,-0.016276,0.016346,-0.037637,0.037073,-113.188669,-257.617653,799.499834,159.899967
Phase_19,Ramped Internal Load [Phase_19],-13.135000,103.328527,4,29,-0.037873,-0.037624,0.053385,-0.001391,-0.016261,0.016320,-0.037624,0.037873,-168.037467,-257.617653,801.788036,160.357607
Phase_19,Ramped Internal Load [Phase_19],-13.135000,103.328527,4,30,-0.037873,-0.037624,0.053385,-0.001391,-0.016261,0.016320,-0.037624,0.037873,-168.037467,-257.617653,801.789164,160.357833
Phase_19,Ramped Internal Load [Phase_19],-13.135000,103.547086,4,30,-0.038630,-0.037611,0.053915,-0.001301,-0.016245,0.016297,-0.037611,0.038630,-224.329191,-257.617653,804.137562,160.827512
Phase_19,Ramped Internal Load [Phase_19],-13.135000,103.765645,4,30,-0.039306,-0.037598,0.054393,-0.001253,-0.016229,0.016277,-0.037598,0.039306,-280.646940,-257.617653,806.487618,161.297524
Phase_19,Ramped Internal Load [Phase_19],-13.135000,103.984205,4,30,-0.039886,-0.037584,0.054804,-0.001255,-0.016213,0.016262,-0.037584,0.039886,-336.964689,-257.617653,808.837673,161.767535
Phase_19,Ramped Internal Load [Phase_19],-13.135000,104.202764,4,30,-0.040354,-0.037571,0.055137,-0.001320,-0.016197,0.016251,-0.037571,0.040354,-393.256413,-257.617653,811.186072,162.237214
Phase_19,Ramped Internal Load [Phase_19],-13.135000,104.202764,4,31,-0.040354,-0.037571,0.055137,-0.001320,-0.016197,0.016251,-0.037571,0.040354,-393.256413,-257.617653,811.187229,162.237446
Phase_19,Ramped Internal Load [Phase_19],-13.135000,104.427073,4,31,-0.040702,-0.037557,0.055382,-0.001464,-0.016181,0.016247,-0.037557,0.040702,-451.029023,-257.617653,813.597408,162.719482
Phase_19,Ramped Internal Load [Phase_19],-13.135000,104.651382,4,31,-0.040897,-0.037543,0.055516,-0.001696,-0.016165,0.016253,-0.037543,0.040897,-508.828341,-257.617653,816.009287,163.201857
Phase_19,Ramped Internal Load [Phase_19],-13.135000,104.875691,4,31,-0.040923,-0.037529,0.055526,-0.002029,-0.016148,0.016275,-0.037529,0.040923,-566.627660,-257.617653,818.421166,163.684233
Phase_19,Ramped Internal Load [Phase_19],-13.135000,105.100000,4,31,-0.040763,-0.037515,0.055398,-0.002474,-0.016132,0.016321,-0.037515,0.040763,-624.400270,-257.617653,820.831345,164.166269
Phase_19,Ramped Internal Load [Phase_19],-10.000000,100.050000,5,32,-0.028083,-0.031734,0.042376,-0.000205,-0.001427,0.001442,-0.031734,0.028083,1492.105711,-474.739112,-1008.088982,-201.617796
Phase_19,Ramped Internal Load [Phase_19],-10.000000,100.263231,5,32,-0.028559,-0.031741,0.042698,-0.001119,-0.001438,0.001822,-0.031741,0.028559,1388.591552,-494.735716,-997.145523,-199.429105
Phase_19,Ramped Internal Load [Phase_19],-10.000000,100.476463,5,32,-0.029041,-0.031748,0.043027,-0.001853,-0.001448,0.002352,-0.031748,0.029041,1281.714217,-506.672683,-989.483100,-197.896620
Phase_19,Ramped Internal Load [Phase_19],-10.000000,100.689694,5,32,-0.029530,-0.031755,0.043363,-0.002422,-0.001459,0.002827,-0.031755,0.029530,1172.904309,-512.421319,-984.326986,-196.865397
Phase_19,Ramped Internal Load [Phase_19],-10.000000,100.902925,5,32,-0.030023,-0.031762,0.043706,-0.002841,-0.001469,0.003198,-0.031762,0.030023,1063.470196,-513.852930,-980.902454,-196.180491
Phase_19,Ramped Internal Load [Phase_19],-10.000000,100.902925,5,33,-0.030023,-0.031762,0.043706,-0.002841,-0.001469,0.003198,-0.031762,0.030023,1063.470196,-514.756334,-980.580951,-196.116190
Phase_19,Ramped Internal Load [Phase_19],-10.000000,101.096054,5,33,-0.030474,-0.031768,0.044021,-0.003103,-0.001479,0.003438,-0.031768,0.030474,963.724309,-518.543666,-976.506835,-195.301367
Phase_19,Ramped Internal Load [Phase_19],-10.000000,101.289182,5,33,-0.030928,-0.031774,0.044341,-0.003266,-0.001489,0.003589,-0.031774,0.030928,863.142972,-522.861659,-972.200068,-194.440014
Phase_19,Ramped Internal Load [Phase_19],-10.000000,101.482311,5,33,-0.031385,-0.031780,0.044666,-0.003341,-0.001498,0.003662,-0.031780,0.031385,761.693397,-527.570552,-967.723219,-193.544644
Phase_19,Ramped Internal Load [Phase_19],-10.000000,101.675439,5,33,-0.031845,-0.031787,0.044994,-0.003338,-0.001508,0.003663,-0.031787,0.031845,659.350733,-532.530588,-963.138857,-192.627771
Phase_19,Ramped Internal Load [Phase_19],-10.000000,101.675439,5,34,-0.031845,-0.031787,0.044994,-0.003338,-0.001508,0.003663,-0.031787,0.031845,659.350733,-532.501137,-963.150552,-192.630110
Phase_19,Ramped Internal Load [Phase_19],-10.000000,101.850361,5,34,-0.032263,-0.031792,0.045295,-0.003279,-0.001517,0.003613,-0.031792,0.032263,565.931264,-535.817760,-959.510096,-191.902019
Phase_19,Ramped Internal Load [Phase_19],-10.000000,102.025282,5,34,-0.032684,-0.031798,0.045599,-0.003173,-0.001525,0.003521,-0.031798,0.032684,471.909446,-538.989165,-955.931244,-191.186249
Phase_19,Ramped Internal Load [Phase_19],-10.000000,102.200203,5,34,-0.033106,-0.031803,0.045907,-0.003030,-0.001534,0.003396,-0.031803,0.033106,377.322371,-542.231056,-952.321706,-190.464341
Phase_19,Ramped Internal Load [Phase_19],-10.000000,102.375124,5,34,-0.033531,-0.031808,0.046218,-0.002857,-0.001543,0.003247,-0.031808,0.033531,282.195443,-545.759139,-948.589191,-189.717838
Phase_19,Ramped Internal Load [Phase_19],-10.000000,102.375124,5,35,-0.033531,-0.031808,0.046218,-0.002857,-0.001543,0.003247,-0.031808,0.033531,282.195443,-545.669106,-948.627359,-189.725472
Phase_19,Ramped Internal Load [Phase_19],-10.000000,102.533554,5,35,-0.033917,-0.031813,0.046502,-0.002681,-0.001550,0.003097,-0.031813,0.033917,195.564353,-548.213398,-945.530112,-189.106022
Phase_19,Ramped Internal Load [Phase_19],-10.000000,102.691985,5,35,-0.034305,-0.031818,0.046789,-0.002494,-0.001558,0.002941,-0.031818,0.034305,108.473697,-551.072916,-942.294336,-188.458867
Phase_19,Ramped Internal Load [Phase_19],-10.000000,102.850415,5,35,-0.034695,-0.031823,0.047079,-0.002301,-0.001566,0.002784,-0.031823,0.034695,20.881313,-554.490860,-938.815617,-187.763123
Phase_19,Ramped Internal Load [Phase_19],-10.000000,103.008845,5,35,-0.035087,-0.031827,0.047372,-0.002109,-0.001574,0.002632,-0.031827,0.035087,-67.266870,-558.710426,-934.989542,-186.997908
Phase_19,Ramped Internal Load [Phase_19],-10.000000,103.008845,5,36,-0.035087,-0.031827,0.047372,-0.002109,-0.001574,0.002632,-0.031827,0.035087,-67.266870,-558.686203,-934.999156,-186.999831
Phase_19,Ramped Internal Load [Phase_19],-10.000000,103.152339,5,36,-0.035445,-0.031832,0.047640,-0.001940,-0.001581,0.002503,-0.031832,0.035445,-147.714081,-562.826642,-931.395146,-186.279029
Phase_19,Ramped Internal Load [Phase_19],-10.000000,103.295833,5,36,-0.035804,-0.031836,0.047911,-0.001781,-0.001588,0.002386,-0.031836,0.035804,-228.790623,-566.954977,-927.795139,-185.559028
Phase_19,Ramped Internal Load [Phase_19],-10.000000,103.439327,5,36,-0.036166,-0.031840,0.048185,-0.001637,-0.001595,0.002286,-0.031840,0.036166,-310.462537,-571.116247,-924.180808,-184.836162
Phase_19,Ramped Internal Load [Phase_19],-10.000000,103.582821,5,36,-0.036531,-0.031844,0.048462,-0.001511,-0.001602,0.002202,-0.031844,0.036531,-392.698027,-575.355492,-920.533827,-184.106765
Phase_19,Ramped Internal Load [Phase_19],-10.000000,103.582821,5,37,-0.036531,-0.031844,0.048462,-0.001511,-0.001602,0.002202,-0.031844,0.036531,-392.698027,-575.168689,-920.614269,-184.122854
Phase_19,Ramped Internal Load [Phase_19],-10.000000,103.712787,5,37,-0.036864,-0.031848,0.048716,-0.001417,-0.001609,0.002144,-0.031848,0.036864,-467.695035,-579.152481,-917.248367,-183.449673
Phase_19,Ramped Internal Load [Phase_19],-10.000000,103.842753,5,37,-0.037199,-0.031851,0.048973,-0.001346,-0.001615,0.002102,-0.031851,0.037199,-543.228499,-582.922322,-913.974402,-182.794880
Phase_19,Ramped Internal Load [Phase_19],-10.000000,103.972719,5,37,-0.037538,-0.031855,0.049233,-0.001300,-0.001621,0.002078,-0.031855,0.037538,-619.244309,-586.558040,-910.758791,-182.151758
Phase_19,Ramped Internal Load [Phase_19],-10.000000,104.102685,5,37,-0.037880,-0.031859,0.049496,-0.001284,-0.001628,0.002073,-0.031859,0.037880,-695.691678,-590.139466,-907.567953,-181.513591
Phase_19,Ramped Internal Load [Phase_19],-10.000000,104.102685,5,38,-0.037880,-0.031859,0.049496,-0.001284,-0.001628,0.002073,-0.031859,0.037880,-695.691678,-590.170550,-907.553667,-181.510733
Phase_19,Ramped Internal Load [Phase_19],-10.000000,104.220398,5,38,-0.038193,-0.031862,0.049738,-0.001297,-0.001634,0.002086,-0.031862,0.038193,-765.342717,-593.472382,-904.638391,-180.927678
Phase_19,Ramped Internal Load [Phase_19],-10.000000,104.338111,5,38,-0.038510,-0.031865,0.049984,-0.001340,-0.001639,0.002117,-0.031865,0.038510,-835.401443,-596.526324,-901.829910,-180.365982
Phase_19,Ramped Internal Load [Phase_19],-10.000000,104.455824,5,38,-0.038830,-0.031868,0.050233,-0.001415,-0.001645,0.002170,-0.031868,0.038830,-905.801778,-599.288440,-899.148383,-179.829677
Phase_19,Ramped Internal Load [Phase_19],-10.000000,104.573537,5,38,-0.039154,-0.031872,0.050486,-0.001524,-0.001651,0.002247,-0.031872,0.039154,-976.476184,-601.714789,-896.613967,-179.322793
Phase_19,Ramped Internal Load [Phase_19],-10.000000,104.573537,5,39,-0.039154,-0.031872,0.050486,-0.001524,-0.001651,0.002247,-0.031872,0.039154,-976.476184,-601.642466,-896.644705,-179.328941
Phase_19,Ramped Internal Load [Phase_19],-10.000000,104.680153,5,39,-0.039451,-0.031875,0.050718,-0.001654,-0.001656,0.002341,-0.031875,0.039451,-1040.698010,-603.268239,-894.598157,-178.919631
Phase_19,Ramped Internal Load [Phase_19],-10.000000,104.786769,5,39,-0.039751,-0.031877,0.050954,-0.001817,-0.001661,0.002462,-0.031877,0.039751,-1105.092671,-604.370046,-892.778617,-178.555723
Phase_19,Ramped Internal Load [Phase_19],-10.000000,104.893384,5,39,-0.040056,-0.031880,0.051194,-0.002015,-0.001666,0.002615,-0.031880,0.040056,-1169.583185,-605.043946,-891.145224,-178.229045
Phase_19,Ramped Internal Load [Phase_19],-10.000000,105.000000,5,39,-0.040365,-0.031883,0.051438,-0.002248,-0.001672,0.002801,-0.031883,0.040365,-1234.095725,-605.385998,-889.657116,-177.931423
Phase_19,Ramped Internal Load [Phase_19],-18.475000,100.050000,2,42,-0.037681,-0.001126,0.037697,-0.000269,-0.012383,0.012386,-0.037681,-0.001126,542.447200,346.214811,187.838669,37.567734
Phase_19,Ramped Internal Load [Phase_19],-18.384375,100.050000,2,42,-0.037585,-0.001525,0.037616,-0.000268,-0.012634,0.012637,-0.037585,-0.001525,576.358111,402.310956,187.823770,37.564754
Phase_19,Ramped Internal Load [Phase_19],-18.293750,100.050000,2,42,-0.037536,-0.001798,0.037579,-0.000267,-0.012889,0.012892,-0.037536,-0.001798,615.360009,458.144915,187.940152,37.588030
Phase_19,Ramped Internal Load [Phase_19],-18.203125,100.050000,2,42,-0.037470,-0.001998,0.037523,-0.000267,-0.013148,0.013151,-0.037470,-0.001998,659.407527,513.695991,188.179709,37.635942
Phase_19,Ramped Internal Load [Phase_19],-18.112500,100.050000,2,42,-0.037403,-0.002178,0.037466,-0.000266,-0.013412,0.013414,-0.037403,-0.002178,708.456378,568.943484,188.534333,37.706867
Phase_19,Ramped Internal Load [Phase_19],-18.112500,100.050000,2,43,-0.037403,-0.002178,0.037466,-0.000266,-0.013412,0.013414,-0.037403,-0.002178,708.456378,-1797.893028,188.507355,37.701471
Phase_19,Ramped Internal Load [Phase_19],-18.021875,100.050000,2,43,-0.037213,-0.002595,0.037304,-0.000265,-0.013704,0.013707,-0.037213,-0.002595,548.064303,-1742.807952,188.991626,37.798325
Phase_19,Ramped Internal Load [Phase_19],-17.931250,100.050000,2,43,-0.037356,-0.002438,0.037435,-0.000264,-0.014000,0.014003,-0.037356,-0.002438,392.541287,-1688.776595,189.855307,37.971061
Phase_19,Ramped Internal Load [Phase_19],-17.840625,100.050000,2,43,-0.036624,-0.002382,0.036701,-0.000263,-0.014299,0.014301,-0.036624,-0.002382,241.876956,-1635.601404,190.935396,38.187079
Phase_19,Ramped Internal Load [Phase_19],-17.750000,100.050000,2,43,-0.030260,-0.005421,0.030742,-0.000263,-0.014598,0.014600,-0.030260,-0.005421,96.067983,-1583.084825,192.068893,38.413779
Phase_19,Ramped Internal Load [Phase_19],-17.750000,100.050000,2,44,-0.030260,-0.005421,0.030742,-0.000263,-0.014598,0.014600,-0.030260,-0.005421,96.067983,-1583.148064,192.113422,38.422684
Phase_19,Ramped Internal Load [Phase_19],-17.636507,100.050000,2,44,-0.035052,-0.030220,0.046281,-0.000262,-0.014973,0.014975,-0.035052,-0.030220,-79.627719,-1513.689396,192.437883,38.487577
Phase_19,Ramped Internal Load [Phase_19],-17.523013,100.050000,2,44,-0.035907,-0.032449,0.048396,-0.000261,-0.015345,0.015347,-0.035907,-0.032449,-247.525548,-1444.516760,192.908364,38.581673
Phase_19,Ramped Internal Load [Phase_19],-17.409520,100.050000,2,44,-0.035640,-0.032372,0.048147,-0.000260,-0.015714,0.015716,-0.035640,-0.032372,-407.611302,-1375.919478,193.629183,38.725837
Phase_19,Ramped Internal Load [Phase_19],-17.296027,100.050000,2,44,-0.035478,-0.033256,0.048627,-0.000258,-0.016076,0.016078,-0.035478,-0.033256,-559.878226,-1308.186875,194.704660,38.940932
Phase_19,Ramped Internal Load [Phase_19],-17.296027,100.050000,2,45,-0.035478,-0.033256,0.048627,-0.000258,-0.016076,0.016078,-0.035478,-0.033256,-559.878226,-1308.098403,194.687908,38.937582
Phase_19,Ramped Internal Load [Phase_19],-17.168635,100.050000,2,45,-0.035164,-0.033687,0.048696,-0.000257,-0.016474,0.016476,-0.035164,-0.033687,-721.703875,-1233.167364,196.200442,39.240088
Phase_19,Ramped Internal Load [Phase_19],-17.041243,100.050000,2,45,-0.034854,-0.034161,0.048803,-0.000256,-0.016860,0.016862,-0.034854,-0.034161,-874.094018,-1158.900023,197.721810,39.544362
Phase_19,Ramped Internal Load [Phase_19],-16.913851,100.050000,2,45,-0.034584,-0.034659,0.048962,-0.000255,-0.017231,0.017233,-0.034584,-0.034659,-1017.071237,-1085.340197,199.249163,39.849833
Phase_19,Ramped Internal Load [Phase_19],-16.786459,100.050000,2,45,-0.034326,-0.035270,0.049217,-0.000254,-0.017587,0.017589,-0.034326,-0.035270,-1150.656736,-1012.531705,200.779654,40.155931
Phase_19,Ramped Internal Load [Phase_19],-16.786459,100.050000,2,46,-0.034326,-0.035270,0.049217,-0.000254,-0.017587,0.017589,-0.034326,-0.035270,-1150.656736,-1012.436812,200.782392,40.156478
Phase_19,Ramped Internal Load [Phase_19],-16.643466,100.050000,2,46,-0.033618,-0.035321,0.048762,-0.000252,-0.017964,0.017965,-0.033618,-0.035321,-1289.594242,-931.350203,202.503513,40.500703
Phase_19,Ramped Internal Load [Phase_19],-16.500474,100.050000,2,46,-0.032995,-0.035453,0.048431,-0.000251,-0.018315,0.018317,-0.032995,-0.035453,-1417.028568,-850.760687,204.238858,40.847772
Phase_19,Ramped Internal Load [Phase_19],-16.357481,100.050000,2,46,-0.032713,-0.035981,0.048629,-0.000250,-0.018639,0.018641,-0.032713,-0.035981,-1532.980967,-770.705572,205.988146,41.197629
Phase_19,Ramped Internal Load [Phase_19],-16.214488,100.050000,2,46,-0.032037,-0.035794,0.048037,-0.000248,-0.018933,0.018935,-0.032037,-0.035794,-1637.470558,-691.222164,207.751094,41.550219
Phase_19,Ramped Internal Load [Phase_19],-16.214488,100.050000,2,47,-0.032037,-0.035794,0.048037,-0.000248,-0.018933,0.018935,-0.032037,-0.035794,-1637.470558,-691.113132,207.756755,41.551351
Phase_19,Ramped Internal Load [Phase_19],-16.053984,100.050000,2,47,-0.031773,-0.036399,0.048316,-0.000247,-0.019225,0.019226,-0.031773,-0.036399,-1741.249918,-602.367720,209.760318,41.952064
Phase_19,Ramped Internal Load [Phase_19],-15.893481,100.050000,2,47,-0.031597,-0.036954,0.048621,-0.000245,-0.019474,0.019476,-0.031597,-0.036954,-1830.842808,-513.862730,211.805743,42.361149
Phase_19,Ramped Internal Load [Phase_19],-15.732977,100.050000,2,47,-0.031462,-0.037431,0.048897,-0.000244,-0.019679,0.019681,-0.031462,-0.037431,-1906.256525,-425.631317,213.893381,42.778676
Phase_19,Ramped Internal Load [Phase_19],-15.572473,100.050000,2,47,-0.030992,-0.037512,0.048659,-0.000242,-0.019839,0.019840,-0.030992,-0.037512,-1967.495349,-337.706636,216.023586,43.204717
Phase_19,Ramped Internal Load [Phase_19],-15.572473,100.050000,2,48,-0.030992,-0.037512,0.048659,-0.000242,-0.019839,0.019840,-0.030992,-0.037512,-1967.495349,-337.599940,216.036401,43.207280
Phase_19,Ramped Internal Load [Phase_19],-15.392314,100.050000,2,48,-0.030803,-0.037854,0.048803,-0.000240,-0.019961,0.019962,-0.030803,-0.037854,-2019.424822,-238.960147,218.494782,43.698956
Phase_19,Ramped Internal Load [Phase_19],-15.212154,100.050000,2,48,-0.030517,-0.038024,0.048755,-0.000238,-0.020022,0.020023,-0.030517,-0.038024,-2053.583162,-140.201525,221.063272,44.212654
Phase_19,Ramped Internal Load [Phase_19],-15.031995,100.050000,2,48,-0.030106,-0.037943,0.048436,-0.000237,-0.020021,0.020022,-0.030106,-0.037943,-2069.950781,-41.393384,223.744759,44.748952
Phase_19,Ramped Internal Load [Phase_19],-14.851835,100.050000,2,48,-0.029388,-0.037542,0.047677,-0.000235,-0.019957,0.019959,-0.029388,-0.037542,-2068.506075,57.394966,226.542135,45.308427
Phase_19,Ramped Internal Load [Phase_19],-14.851835,100.050000,2,49,-0.029388,-0.037542,0.047677,-0.000235,-0.019957,0.019959,-0.029388,-0.037542,-2068.506075,57.329171,226.530237,45.306047
Phase_19,Ramped Internal Load [Phase_19],-14.649613,100.050000,2,49,-0.028780,-0.037403,0.047194,-0.000233,-0.019813,0.019814,-0.028780,-0.037403,-2045.736525,167.779976,229.893989,45.978798
Phase_19,Ramped Internal Load [Phase_19],-14.447391,100.050000,2,49,-0.028473,-0.037511,0.047093,-0.000231,-0.019591,0.019592,-0.028473,-0.037511,-2000.706328,277.260028,233.364686,46.672937
Phase_19,Ramped Internal Load [Phase_19],-14.245169,100.050000,2,49,-0.028273,-0.037652,0.047085,-0.000228,-0.019294,0.019295,-0.028273,-0.037652,-1933.638788,385.784071,236.929405,47.385881
Phase_19,Ramped Internal Load [Phase_19],-14.042947,100.050000,2,49,-0.028095,-0.037749,0.047057,-0.000226,-0.018925,0.018926,-0.028095,-0.037749,-1844.749084,493.366848,240.575223,48.115045
Phase_19,Ramped Internal Load [Phase_19],-14.042947,100.050000,2,50,-0.028095,-0.037749,0.047057,-0.000226,-0.018925,0.018926,-0.028095,-0.037749,-1844.749084,493.388809,240.533593,48.106719
Phase_19,Ramped Internal Load [Phase_19],-13.815960,100.050000,2,50,-0.027961,-0.037851,0.047058,-0.000224,-0.018430,0.018431,-0.027961,-0.037851,-1719.099730,613.745766,244.752626,48.950525
Phase_19,Ramped Internal Load [Phase_19],-13.588973,100.050000,2,50,-0.027850,-0.037896,0.047029,-0.000221,-0.017855,0.017856,-0.027850,-0.037896,-1566.228905,732.615277,248.940941,49.788188
Phase_19,Ramped Internal Load [Phase_19],-13.361987,100.050000,2,50,-0.027757,-0.037884,0.046964,-0.000218,-0.017208,0.017209,-0.027757,-0.037884,-1386.542396,850.065408,253.069913,50.613983
Phase_19,Ramped Internal Load [Phase_19],-13.135000,100.050000,2,50,-0.027681,-0.037820,0.046867,-0.000216,-0.016498,0.016499,-0.027681,-0.037820,-1180.432506,966.164225,257.110920,51.422184
Phase_19,Ramped Internal Load [Phase_19],-13.135000,100.050000,2,51,-0.027681,-0.037820,0.046867,-0.000216,-0.016498,0.016499,-0.027681,-0.037820,-1857.001382,200.161378,-0.523392,-0.104678
Phase_19,Ramped Internal Load [Phase_19],-12.939063,100.050000,2,51,-0.027631,-0.037733,0.046768,-0.000215,-0.015856,0.015858,-0.027631,-0.037733,-1807.941537,300.900868,2.812691,0.562538
Phase_19,Ramped Internal Load [Phase_19],-12.743125,100.050000,2,51,-0.027594,-0.037590,0.046631,-0.000215,-0.015156,0.015157,-0.027594,-0.037590,-1739.019493,402.551576,6.083549,1.216710
Phase_19,Ramped Internal Load [Phase_19],-12.547187,100.050000,2,51,-0.027570,-0.037388,0.046454,-0.000214,-0.014399,0.014400,-0.027570,-0.037388,-1650.095222,505.120818,9.288313,1.857663
Phase_19,Ramped Internal Load [Phase_19],-12.351250,100.050000,2,51,-0.027558,-0.037129,0.046238,-0.000214,-0.013587,0.013588,-0.027558,-0.037129,-1541.021713,608.615915,12.426112,2.485222
Phase_19,Ramped Internal Load [Phase_19],-12.351250,100.050000,2,52,-0.027558,-0.037129,0.046238,-0.000214,-0.013587,0.013588,-0.027558,-0.037129,-1541.021713,609.127525,12.369551,2.473910
Phase_19,Ramped Internal Load [Phase_19],-12.155313,100.050000,2,52,-0.027558,-0.036824,0.045994,-0.000213,-0.012723,0.012725,-0.027558,-0.036824,-1411.504525,713.702559,15.529078,3.105816
Phase_19,Ramped Internal Load [Phase_19],-11.959375,100.050000,2,52,-0.027563,-0.036473,0.045716,-0.000212,-0.011811,0.011813,-0.027563,-0.036473,-1261.139964,821.242541,18.434283,3.686857
Phase_19,Ramped Internal Load [Phase_19],-11.763438,100.050000,2,52,-0.027576,-0.036073,0.045406,-0.000212,-0.010856,0.010858,-0.027576,-0.036073,-1089.403912,931.874189,21.028603,4.205721
Phase_19,Ramped Internal Load [Phase_19],-11.567500,100.050000,2,52,-0.027604,-0.035628,0.045070,-0.000211,-0.009863,0.009865,-0.027604,-0.035628,-895.757691,1045.724222,23.255474,4.651095
Phase_19,Ramped Internal Load [Phase_19],-11.567500,100.050000,2,53,-0.027604,-0.035628,0.045070,-0.000211,-0.009863,0.009865,-0.027604,-0.035628,-895.757691,1045.935207,23.062674,4.612535
Phase_19,Ramped Internal Load [Phase_19],-11.371562,100.050000,2,53,-0.027640,-0.035166,0.044728,-0.000210,-0.008837,0.008839,-0.027640,-0.035166,-679.470920,1162.654020,24.854318,4.970864
Phase_19,Ramped Internal Load [Phase_19],-11.175625,100.050000,2,53,-0.027680,-0.034675,0.044368,-0.000210,-0.007785,0.007788,-0.027680,-0.034675,-440.017001,1281.128130,26.007553,5.201511
Phase_19,Ramped Internal Load [Phase_19],-10.979688,100.050000,2,53,-0.027731,-0.034161,0.044000,-0.000209,-0.006716,0.006719,-0.027731,-0.034161,-177.215305,1401.095906,26.572330,5.314466
Phase_19,Ramped Internal Load [Phase_19],-10.783750,100.050000,2,53,-0.027784,-0.033649,0.043637,-0.000208,-0.005637,0.005641,-0.027784,-0.033649,109.106818,1522.295719,26.598597,5.319719
Phase_19,Ramped Internal Load [Phase_19],-10.783750,100.050000,2,54,-0.027784,-0.033649,0.043637,-0.000208,-0.005637,0.005641,-0.027784,-0.033649,109.106818,1522.135824,26.669680,5.333936
Phase_19,Ramped Internal Load [Phase_19],-10.587813,100.050000,2,54,-0.027847,-0.033135,0.043283,-0.000208,-0.004558,0.004563,-0.027847,-0.033135,419.145339,1643.322566,26.683392,5.336678
Phase_19,Ramped Internal Load [Phase_19],-10.391875,100.050000,2,54,-0.027920,-0.032642,0.042954,-0.000207,-0.003489,0.003495,-0.027920,-0.032642,753.098539,1764.593034,26.696905,5.339381
Phase_19,Ramped Internal Load [Phase_19],-10.195937,100.050000,2,54,-0.027988,-0.032166,0.042637,-0.000206,-0.002442,0.002450,-0.027988,-0.032166,1110.804934,1885.861785,26.710285,5.342057
Phase_19,Ramped Internal Load [Phase_19],-10.000000,100.050000,2,54,-0.028083,-0.031734,0.042376,-0.000205,-0.001427,0.001442,-0.028083,-0.031734,1492.105711,2007.043376,26.723598,5.344720
Phase_19,Ramped Internal Load [Phase_19],-6.500000,96.500000,8,69,-0.029488,-0.044882,0.053702,-0.001775,-0.004034,0.004407,0.029488,0.044882,-9.219372,3.879279,36.594137,7.318827
Phase_19,Ramped Internal Load [Phase_19],-6.600100,96.500000,8,69,-0.029388,-0.044661,0.053463,-0.001775,-0.004069,0.004439,0.029388,0.044661,-8.820390,4.088518,35.586614,7.117323
Phase_19,Ramped Internal Load [Phase_19],-6.700200,96.500000,8,69,-0.029290,-0.044443,0.053227,-0.001775,-0.004104,0.004472,0.029290,0.044443,-8.401894,4.266920,34.493090,6.898618
Phase_19,Ramped Internal Load [Phase_19],-6.800300,96.500000,8,69,-0.029200,-0.044231,0.053000,-0.001775,-0.004140,0.004505,0.029200,0.044231,-7.966862,4.418125,33.314443,6.662889
Phase_19,Ramped Internal Load [Phase_19],-6.900400,96.500000,8,69,-0.029117,-0.044023,0.052781,-0.001775,-0.004177,0.004539,0.029117,0.044023,-7.518156,4.545772,32.051550,6.410310
Phase_19,Ramped Internal Load [Phase_19],-6.900400,96.500000,8,70,-0.029117,-0.044023,0.052781,-0.001775,-0.004177,0.004539,0.029117,0.044023,-7.518156,4.554376,32.050914,6.410183
Phase_19,Ramped Internal Load [Phase_19],-7.000500,96.500000,8,70,-0.029043,-0.043814,0.052565,-0.001775,-0.004215,0.004573,0.029043,0.043814,-7.055997,4.684212,30.703656,6.140731
Phase_19,Ramped Internal Load [Phase_19],-7.100600,96.500000,8,70,-0.028975,-0.043604,0.052353,-0.001775,-0.004253,0.004608,0.028975,0.043604,-6.579850,4.829848,29.270403,5.854081
Phase_19,Ramped Internal Load [Phase_19],-7.200700,96.500000,8,70,-0.028914,-0.043397,0.052148,-0.001775,-0.004291,0.004644,0.028914,0.043397,-6.088281,4.992191,27.752124,5.550425
Phase_19,Ramped Internal Load [Phase_19],-7.300800,96.500000,8,70,-0.028860,-0.043199,0.051952,-0.001775,-0.004330,0.004680,0.028860,0.043199,-5.579826,5.172148,26.149789,5.229958
Phase_19,Ramped Internal Load [Phase_19],-7.300800,96.500000,8,71,-0.028860,-0.043199,0.051952,-0.001775,-0.004330,0.004680,0.028860,0.043199,-5.579826,5.164060,26.149396,5.229879
Phase_19,Ramped Internal Load [Phase_19],-7.400900,96.500000,8,71,-0.028808,-0.043005,0.051762,-0.001775,-0.004370,0.004716,0.028808,0.043005,-5.052897,5.359003,24.459835,4.891967
Phase_19,Ramped Internal Load [Phase_19],-7.501000,96.500000,8,71,-0.028763,-0.042810,0.051576,-0.001775,-0.004409,0.004753,0.028763,0.042810,-4.508455,5.508693,22.683817,4.536763
Phase_19,Ramped Internal Load [Phase_19],-7.601100,96.500000,8,71,-0.028725,-0.042613,0.051390,-0.001775,-0.004450,0.004791,0.028725,0.042613,-3.951327,5.612641,20.823864,4.164773
Phase_19,Ramped Internal Load [Phase_19],-7.701200,96.500000,8,71,-0.028691,-0.042411,0.051204,-0.001775,-0.004490,0.004828,0.028691,0.042411,-3.386353,5.670360,18.882499,3.776500
Phase_19,Ramped Internal Load [Phase_19],-7.701200,96.500000,8,72,-0.028691,-0.042411,0.051204,-0.001775,-0.004490,0.004828,0.028691,0.042411,-3.386353,5.676570,18.874820,3.774964
Phase_19,Ramped Internal Load [Phase_19],-7.801300,96.500000,8,72,-0.028662,-0.042212,0.051024,-0.001775,-0.004531,0.004866,0.028662,0.042212,-2.820554,5.633160,16.861000,3.372200
Phase_19,Ramped Internal Load [Phase_19],-7.901400,96.500000,8,72,-0.028631,-0.042018,0.050845,-0.001775,-0.004572,0.004905,0.028631,0.042018,-2.259524,5.553511,14.742892,2.948578
Phase_19,Ramped Internal Load [Phase_19],-8.001500,96.500000,8,72,-0.028599,-0.041826,0.050669,-0.001775,-0.004614,0.004943,0.028599,0.041826,-1.711342,5.388159,12.525755,2.505151
Phase_19,Ramped Internal Load [Phase_19],-8.101600,96.500000,8,72,-0.028563,-0.041639,0.050494,-0.001775,-0.004655,0.004982,0.028563,0.041639,-1.185601,5.087639,10.214847,2.042969
Phase_19,Ramped Internal Load [Phase_19],-8.101600,96.500000,8,73,-0.028563,-0.041639,0.050494,-0.001775,-0.004655,0.004982,0.028563,0.041639,-1.185601,4.929889,10.113189,2.022638
Phase_19,Ramped Internal Load [Phase_19],-8.201700,96.500000,8,73,-0.028522,-0.041457,0.050321,-0.001775,-0.004696,0.005021,0.028522,0.041457,-0.708797,4.466606,7.891541,1.578308
Phase_19,Ramped Internal Load [Phase_19],-8.301800,96.500000,8,73,-0.028478,-0.041281,0.050150,-0.001775,-0.004738,0.005059,0.028478,0.041281,-0.314528,3.331054,5.355390,1.071078
Phase_19,Ramped Internal Load [Phase_19],-8.401900,96.500000,8,73,-0.028428,-0.041113,0.049984,-0.001775,-0.004779,0.005098,0.028428,0.041113,-0.060277,1.640411,2.375254,0.475051
Phase_19,Ramped Internal Load [Phase_19],-8.502000,96.500000,8,73,-0.028370,-0.040954,0.049820,-0.001775,-0.004821,0.005137,0.028370,0.040954,0.000000,-0.488147,-1.178353,-0.235671
Phase_19,Ramped Internal Load [Phase_19],-5.904478,96.500000,8,74,-0.030017,-0.046426,0.055285,-0.001775,-0.003842,0.004232,0.030017,0.046426,-10.788639,0.807246,40.752744,8.150549
Phase_19,Ramped Internal Load [Phase_19],-5.944855,96.500000,8,74,-0.030004,-0.046298,0.055170,-0.001775,-0.003854,0.004243,0.030004,0.046298,-10.749980,1.108614,40.578133,8.115627
Phase_19,Ramped Internal Load [Phase_19],-5.985232,96.500000,8,74,-0.029973,-0.046171,0.055047,-0.001775,-0.003867,0.004255,0.029973,0.046171,-10.699105,1.409742,40.386042,8.077208
Phase_19,Ramped Internal Load [Phase_19],-6.025609,96.500000,8,74,-0.029940,-0.046044,0.054922,-0.001775,-0.003879,0.004266,0.029940,0.046044,-10.636155,1.707598,40.176862,8.035372
Phase_19,Ramped Internal Load [Phase_19],-6.065986,96.500000,8,74,-0.029927,-0.045916,0.054808,-0.001775,-0.003892,0.004277,0.029927,0.045916,-10.561306,1.999146,39.950986,7.990197
Phase_19,Ramped Internal Load [Phase_19],-6.065986,96.500000,8,75,-0.029927,-0.045916,0.054808,-0.001775,-0.003892,0.004277,0.029927,0.045916,-10.561306,2.001023,39.952536,7.990507
Phase_19,Ramped Internal Load [Phase_19],-6.174490,96.500000,8,75,-0.029818,-0.045636,0.054514,-0.001775,-0.003926,0.004309,0.029818,0.045636,-10.307879,2.649382,39.269998,7.854000
Phase_19,Ramped Internal Load [Phase_19],-6.282993,96.500000,8,75,-0.029709,-0.045369,0.054231,-0.001775,-0.003961,0.004341,0.029709,0.045369,-9.990953,3.171624,38.481939,7.696388
Phase_19,Ramped Internal Load [Phase_19],-6.391497,96.500000,8,75,-0.029604,-0.045118,0.053963,-0.001775,-0.003997,0.004374,0.029604,0.045118,-9.623778,3.574287,37.589479,7.517896
Phase_19,Ramped Internal Load [Phase_19],-6.500000,96.500000,8,75,-0.029488,-0.044882,0.053702,-0.001775,-0.004034,0.004407,0.029488,0.044882,-9.219372,3.863906,36.593738,7.318748
Phase_19,Ramped Internal Load [Phase_19],-5.900000,96.500000,8,76,-0.030022,-0.046439,0.055299,-0.001775,-0.003841,0.004231,0.030022,0.046439,-10.792166,0.770821,40.771238,8.154248
Phase_19,Ramped Internal Load [Phase_19],-5.901119,96.500000,8,76,-0.030021,-0.046436,0.055295,-0.001775,-0.003841,0.004231,0.030021,0.046436,-10.791298,0.779226,40.766688,8.153338
Phase_19,Ramped Internal Load [Phase_19],-5.902239,96.500000,8,76,-0.030020,-0.046432,0.055291,-0.001775,-0.003841,0.004232,0.030020,0.046432,-10.790421,0.787695,40.762116,8.152423
Phase_19,Ramped Internal Load [Phase_19],-5.903358,96.500000,8,76,-0.030019,-0.046429,0.055288,-0.001775,-0.003842,0.004232,0.030019,0.046429,-10.789535,0.796214,40.757526,8.151505
Phase_19,Ramped Internal Load [Phase_19],-5.904478,96.500000,8,76,-0.030017,-0.046426,0.055285,-0.001775,-0.003842,0.004232,0.030017,0.046426,-10.788639,0.804766,40.752922,8.150584
Phase_19,Ramped Internal Load [Phase_19],-3.900000,96.500000,8,77,-0.031457,-0.053524,0.062084,-0.001775,-0.003334,0.003777,0.031457,0.053524,-1.501071,-13.902072,21.063294,4.212659
Phase_19,Ramped Internal Load [Phase_19],-4.000000,96.500000,8,77,-0.031280,-0.053206,0.061720,-0.001775,-0.003357,0.003797,0.031280,0.053206,-2.886690,-13.665349,23.475451,4.695090
Phase_19,Ramped Internal Load [Phase_19],-4.100000,96.500000,8,77,-0.031141,-0.052824,0.061320,-0.001775,-0.003380,0.003818,0.031141,0.052824,-4.206811,-12.627606,25.692322,5.138464
Phase_19,Ramped Internal Load [Phase_19],-4.200000,96.500000,8,77,-0.031008,-0.052407,0.060893,-0.001775,-0.003403,0.003838,0.031008,0.052407,-5.389565,-10.892595,27.717546,5.543509
Phase_19,Ramped Internal Load [Phase_19],-4.300000,96.500000,8,77,-0.030891,-0.051993,0.060477,-0.001775,-0.003426,0.003859,0.030891,0.051993,-6.366200,-8.564069,29.554761,5.910952
Phase_19,Ramped Internal Load [Phase_19],-4.300000,96.500000,8,78,-0.030891,-0.051993,0.060477,-0.001775,-0.003426,0.003859,0.030891,0.051993,-6.366200,-8.558086,29.601362,5.920272
Phase_19,Ramped Internal Load [Phase_19],-4.400000,96.500000,8,78,-0.030803,-0.051586,0.060083,-0.001775,-0.003450,0.003880,0.030803,0.051586,-7.167126,-7.475090,31.279972,6.255994
Phase_19,Ramped Internal Load [Phase_19],-4.500000,96.500000,8,78,-0.030712,-0.051199,0.059704,-0.001775,-0.003473,0.003901,0.030712,0.051199,-7.863238,-6.452625,32.833136,6.566627
Phase_19,Ramped Internal Load [Phase_19],-4.600000,96.500000,8,78,-0.030633,-0.050832,0.059348,-0.001775,-0.003497,0.003922,0.030633,0.050832,-8.459743,-5.484027,34.259639,6.851928
Phase_19,Ramped Internal Load [Phase_19],-4.700000,96.500000,8,78,-0.030562,-0.050478,0.059009,-0.001775,-0.003521,0.003943,0.030562,0.050478,-8.961612,-4.562630,35.558270,7.111654
Phase_19,Ramped Internal Load [Phase_19],-4.700000,96.500000,8,79,-0.030562,-0.050478,0.059009,-0.001775,-0.003521,0.003943,0.030562,0.050478,-8.961612,-4.558670,35.558515,7.111703
Phase_19,Ramped Internal Load [Phase_19],-4.800000,96.500000,8,79,-0.030501,-0.050133,0.058682,-0.001775,-0.003545,0.003965,0.030501,0.050133,-9.375245,-3.729212,36.724450,7.344890
Phase_19,Ramped Internal Load [Phase_19],-4.900000,96.500000,8,79,-0.030445,-0.049790,0.058360,-0.001775,-0.003570,0.003987,0.030445,0.049790,-9.710515,-2.994599,37.756825,7.551365
Phase_19,Ramped Internal Load [Phase_19],-5.000000,96.500000,8,79,-0.030397,-0.049447,0.058043,-0.001775,-0.003594,0.004009,0.030397,0.049447,-9.977905,-2.368097,38.656873,7.731375
Phase_19,Ramped Internal Load [Phase_19],-5.100000,96.500000,8,79,-0.030353,-0.049103,0.057727,-0.001775,-0.003620,0.004031,0.030353,0.049103,-10.188278,-1.862972,39.425827,7.885165
Phase_19,Ramped Internal Load [Phase_19],-5.100000,96.500000,8,80,-0.030353,-0.049103,0.057727,-0.001775,-0.003620,0.004031,0.030353,0.049103,-10.188278,-2.077145,39.443196,7.888639
Phase_19,Ramped Internal Load [Phase_19],-5.200000,96.500000,8,80,-0.030303,-0.048753,0.057403,-0.001775,-0.003645,0.004055,0.030303,0.048753,-10.361845,-1.431321,40.071228,8.014246
Phase_19,Ramped Internal Load [Phase_19],-5.300000,96.500000,8,80,-0.030257,-0.048408,0.057087,-0.001775,-0.003671,0.004078,0.030257,0.048408,-10.482031,-1.011857,40.586315,8.117263
Phase_19,Ramped Internal Load [Phase_19],-5.400000,96.500000,8,80,-0.030218,-0.048071,0.056779,-0.001775,-0.003698,0.004102,0.030218,0.048071,-10.572045,-0.825975,40.987190,8.197438
Phase_19,Ramped Internal Load [Phase_19],-5.500000,96.500000,8,80,-0.030187,-0.047742,0.056485,-0.001775,-0.003725,0.004127,0.030187,0.047742,-10.655301,-0.880900,41.272587,8.254517
Phase_19,Ramped Internal Load [Phase_19],-5.500000,96.500000,8,81,-0.030187,-0.047742,0.056485,-0.001775,-0.003725,0.004127,0.030187,0.047742,-10.655301,-0.792931,41.266271,8.253254
Phase_19,Ramped Internal Load [Phase_19],-5.600000,96.500000,8,81,-0.030151,-0.047409,0.056185,-0.001775,-0.003753,0.004152,0.030151,0.047409,-10.737598,-0.801971,41.381564,8.276313
Phase_19,Ramped Internal Load [Phase_19],-5.700000,96.500000,8,81,-0.030114,-0.047087,0.055893,-0.001775,-0.003782,0.004178,0.030114,0.047087,-10.805946,-0.522087,41.332072,8.266414
Phase_19,Ramped Internal Load [Phase_19],-5.800000,96.500000,8,81,-0.030070,-0.046766,0.055600,-0.001775,-0.003811,0.004204,0.030070,0.046766,-10.833047,0.027720,41.123203,8.224641
Phase_19,Ramped Internal Load [Phase_19],-5.900000,96.500000,8,81,-0.030022,-0.046439,0.055299,-0.001775,-0.003841,0.004231,0.030022,0.046439,-10.792166,0.828448,40.760362,8.152072
Phase_19,Ramped Internal Load [Phase_19],-3.500000,96.500000,8,82,-0.032146,-0.055281,0.063948,-0.001775,-0.003242,0.003696,0.032146,0.055281,0.000000,3.718870,4.015817,0.803163
Phase_19,Ramped Internal Load [Phase_19],-3.600000,96.500000,8,82,-0.031935,-0.054765,0.063396,-0.001775,-0.003265,0.003716,0.031935,0.054765,0.100605,-1.114589,7.763629,1.552726
Phase_19,Ramped Internal Load [Phase_19],-3.700000,96.500000,8,82,-0.031764,-0.054337,0.062941,-0.001775,-0.003288,0.003736,0.031764,0.054337,-0.149261,-4.003868,12.155519,2.431104
Phase_19,Ramped Internal Load [Phase_19],-3.800000,96.500000,8,82,-0.031622,-0.053948,0.062532,-0.001775,-0.003311,0.003757,0.031622,0.053948,-0.687799,-6.516310,16.765562,3.353112
Phase_19,Ramped Internal Load [Phase_19],-3.900000,96.500000,8,82,-0.031457,-0.053524,0.062084,-0.001775,-0.003334,0.003777,0.031457,0.053524,-1.501071,-10.219261,21.167836,4.233567
